191 197
193 227
198 257
203 287
212 315
228 338
252 356
280 368
309 373
337 370
363 357
385 339
400 316
408 288
414 260
419 232
421 203
214 157
231 145
253 142
275 146
296 156
339 160
358 151
379 149
399 154
412 168
317 184
317 202
317 221
318 239
297 257
306 259
316 262
325 260
333 258
239 186
252 176
269 177
283 191
267 194
250 193
345 194
359 182
376 182
389 193
376 199
360 198
267 298
286 287
303 281
315 284
326 282
341 289
355 301
341 315
325 319
314 319
301 318
284 312
275 299
302 295
314 296
325 296
347 301
325 302
314 302
302 301
230 78
252 72
286 78
325 80
374 78
396 92
422 148
208 116
223 90
193 172
423 185
407 111
363 83
0 0
0 799
600 0
600 799
