202 214
204 244
207 273
211 303
220 331
237 356
261 376
289 392
320 396
350 391
377 375
399 354
414 329
422 300
424 271
427 243
428 213
228 196
241 180
261 172
283 172
303 179
334 178
354 171
376 170
396 178
408 194
318 201
319 219
319 237
319 256
298 274
308 277
320 280
331 277
341 273
251 210
263 203
277 202
289 210
276 213
263 213
347 209
360 201
373 201
385 208
374 212
360 212
276 316
292 307
308 302
320 304
332 301
348 305
364 314
349 327
333 333
321 334
308 334
292 328
283 316
308 312
320 313
332 311
357 314
332 318
321 320
308 319
233 115
254 107
287 109
324 109
376 105
400 118
422 169
215 154
227 127
205 210
425 206
408 134
363 110
0 0
0 799
600 0
600 799
